Sun     0        0  1989000.0      0.0 0.0  1392000 YELLOW 
Mercury 0     6.98      0.330 139896.0 0.0     4878 TAN 
Venus   0    10.89       4.87 125244.0 0.0    12104 WHITE 
Earth   0    15.21       5.97 105444.0 0.0    12756 CADETBLUE 
Moon    0  15.2506      0.073 108936.0 0.0     1737 GRAY 
Mars    0   24.923      0.642  79092.0 0.0     6787 RUST 
Jupiter 0   -77.86     1898.0  44784.0 0.0  69911 PALEGOLD 
Saturn  0   151.45      568.0  32724.0 0.0   120000 CORAL 
Uranus  0  300.362       86.8  23364.0 0.0    51200 AQUA 
Neptune 0 -454.567      102.0  19332.0 0.0    19332 BLUE 
Pluto   0  737.593     0.0146  13356.0 0.0     2300 TAN 
